1000
100
4
16
14
23
68
67
57
31
73
72
28
36
48
57
59
81
99
32
24
38
52
87
47
38
26
29
44
66
93
68
62
86
36
76
44
36
100
83
74
17
93
51
82
54
78
3
19
47
41
51
8
81
100
38
92
19
73
61
11
73
93
53
63
79
4
84
26
27
37
33
49
94
21
62
17
49
93
83
58
42
19
62
93
48
58
93
88
100
18
99
93
12
3
68
74
76
34
76
87
28
56
62
68
66
33
21
42
47
4
86
18
79
93
92
71
52
56
99
14
33
61
97
71
39
51
11
96
47
96
84
82
99
4
9
81
31
62
91
94
62
46
18
62
4
47
92
57
89
28
19
73
92
37
100
53
56
83
97
67
87
89
69
100
11
49
66
46
9
58
17
66
43
98
9
100
62
89
28
27
86
72
31
8
27
37
71
89
52
8
53
61
89
49
99
84
32
93
4
89
31
36
77
67
57
79
96
82
93
92
77
72
82
7
21
98
41
68
91
66
38
54
29
96
79
61
62
6
53
89
19
59
36
18
57
47
58
41
27
91
91
37
16
29
17
98
84
63
19
93
52
99
53
4
72
31
76
28
33
62
86
7
14
37
74
84
38
100
34
68
51
41
18
69
56
92
43
44
43
61
92
3
47
62
23
54
49
46
16
14
28
93
38
68
14
49
24
51
49
63
83
4
44
4
84
53
96
56
52
92
21
79
62
32
94
39
99
63
41
76
56
6
76
3
43
39
52
62
56
54
100
96
4
11
100
72
92
100
63
78
14
3
54
56
73
42
29
73
46
12
29
84
61
26
87
94
42
6
72
66
66
89
29
3
18
81
12
68
59
59
3
56
28
4
88
54
82
41
83
42
42
22
34
71
99
42
9
31
77
96
18
9
56
83
76
32
62
64
87
82
18
6
54
7
3
34
98
83
36
67
17
46
62
44
63
87
72
48
4
11
24
92
77
58
44
92
98
51
72
36
48
11
23
66
88
91
64
88
49
86
13
3
81
38
21
96
47
88
67
94
39
54
54
83
26
33
58
16
79
86
100
17
37
4
21
94
72
13
47
93
39
41
12
72
64
6
21
96
18
16
7
62
94
43
72
34
51
76
52
91
89
89
23
53
89
44
87
92
91
21
92
7
59
72
3
21
51
69
88
22
47
8
19
43
54
86
58
14
71
82
63
92
28
57
23
52
76
61
100
87
51
79
59
29
31
29
24
46
44
89
66
83
84
62
33
16
34
18
51
41
94
66
71
26
8
9
94
18
67
7
66
49
56
12
24
100
71
6
89
81
64
72
99
32
19
91
16
57
48
31
64
73
62
97
44
46
51
21
34
37
47
72
77
93
34
57
76
99
22
41
29
87
32
42
53
43
38
81
18
89
31
34
47
16
12
68
87
39
79
89
68
6
3
100
63
63
27
12
93
33
34
94
97
69
88
76
100
49
51
18
24
89
14
96
41
83
7
28
93
23
51
64
26
58
64
59
53
39
68
3
8
53
73
76
51
82
92
81
31
4
66
51
17
52
63
7
18
54
8
43
89
76
21
21
48
86
38
61
100
44
42
92
26
54
14
24
69
91
93
14
39
6
9
56
98
17
44
100
59
34
4
27
100
77
53
73
98
97
68
52
48
39
3
82
86
54
47
31
29
22
84
56
41
92
36
52
92
58
42
47
56
71
89
31
71
68
43
86
42
49
100
11
86
13
44
6
38
22
67
99
38
19
46
31
66
31
92
82
8
96
34
47
100
38
69
38
44
37
82
38
56
28
94
67
74
4
69
52
37
47
87
100
6
97
86
96
44
28
37
47
100
86
42
57
21
64
64
77
6
77
76
69
37
67
18
71
27
79
86
19
53
78
34
18
52
63
9
57
32
49
62
66
8
4
72
52
42
100
6
9
22
42
44
41
83
32
58
18
42
54
18
68
79
89
48
91
9
100
62
41
81
61
48
11
7
88
59
54
96
34
37
36
87
19
23
54
34
23
18
58
41
67
100
89
11
89
87
79
36
6
61
24
73
94
7
79
66
99
52
22
41
16
16
91
7
39
66
59
98
83
7
48
58
3
86
99
47
37
99
97
78
27
76
17
3
4
49
22
79
46
98
47
51
96
11
44
100
56
18
29
36
96
38
4
39
87
33
73
14
11
68
76
32
38
66
72
58
89
11
7
41
54
71
63
88
94
6
27
93
72
59
86
94
69
62
71
39
71
27
3
52
37
86
3
62
62
6
63
58
92
24
43
69
17
44
46
59
46
92
66
36
